Timestamp(s),AccumulatedAngle(rad),AccumulatedAngle(deg),InstantaneousAngleChange(rad),FeaturesTracked
0.040,0.0000,0.00
0.080,0.0000,0.00
0.120,0.0002,0.01
0.160,0.0002,0.01
0.200,0.0002,0.01
0.240,0.0001,0.01
0.280,0.0002,0.01
0.320,0.0003,0.02
0.360,0.0002,0.01
0.400,0.0003,0.02
0.440,0.0003,0.02
0.480,0.0003,0.02
0.520,0.0005,0.03
0.560,0.0005,0.03
0.600,0.0005,0.03
0.640,0.0005,0.03
0.680,0.0004,0.03
0.720,0.0005,0.03
0.760,0.0004,0.02
0.800,0.0004,0.02
0.840,0.0004,0.02
0.880,0.0004,0.02
0.920,0.0004,0.02
0.960,0.0003,0.02
1.000,-0.0006,-0.04
1.040,-0.0007,-0.04
1.080,-0.0008,-0.04
1.120,-0.0007,-0.04
1.160,-0.0007,-0.04
1.200,-0.0005,-0.03
1.240,-0.0006,-0.04
1.280,-0.0006,-0.04
1.320,-0.0006,-0.04
1.360,-0.0004,-0.03
1.400,-0.0004,-0.02
1.440,-0.0004,-0.02
1.480,-0.0004,-0.02
1.520,-0.0004,-0.02
1.560,-0.0004,-0.02
1.600,-0.0004,-0.02
1.640,-0.0004,-0.03
1.680,-0.0005,-0.03
1.720,-0.0005,-0.03
1.760,-0.0004,-0.03
1.800,-0.0005,-0.03
1.840,-0.0004,-0.02
1.880,-0.0004,-0.02
1.920,-0.0004,-0.02
1.960,-0.0004,-0.02
2.000,-0.0004,-0.02
2.040,-0.0003,-0.02
2.080,-0.0002,-0.01
2.120,-0.0003,-0.02
2.160,-0.0002,-0.01
2.200,-0.0002,-0.01
2.240,-0.0002,-0.01
2.280,-0.0002,-0.01
2.320,-0.0001,-0.01
2.360,-0.0006,-0.03
2.400,-0.0006,-0.04
2.440,-0.0006,-0.03
2.480,-0.0005,-0.03
2.520,-0.0005,-0.03
2.560,-0.0005,-0.03
2.600,-0.0005,-0.03
2.640,-0.0005,-0.03
2.680,-0.0005,-0.03
2.720,-0.0005,-0.03
2.760,-0.0005,-0.03
2.800,-0.0006,-0.03
2.840,-0.0006,-0.03
2.880,-0.0008,-0.04
2.920,-0.0008,-0.04
2.960,-0.0008,-0.05
3.000,-0.0015,-0.09
3.040,-0.0015,-0.08
3.080,-0.0015,-0.08
3.120,-0.0015,-0.09
3.160,-0.0015,-0.09
3.200,-0.0016,-0.09
3.240,-0.0016,-0.09
3.280,-0.0016,-0.09
3.320,-0.0015,-0.09
3.360,-0.0015,-0.09
3.400,-0.0014,-0.08
3.440,-0.0014,-0.08
3.480,-0.0014,-0.08
3.520,-0.0014,-0.08
3.560,-0.0014,-0.08
3.600,-0.0014,-0.08
3.640,-0.0014,-0.08
3.680,-0.0014,-0.08
3.720,-0.0014,-0.08
3.760,-0.0015,-0.08
3.800,-0.0014,-0.08
3.840,-0.0014,-0.08
3.880,-0.0014,-0.08
3.920,-0.0014,-0.08
3.960,-0.0013,-0.08
4.000,-0.0015,-0.09
4.040,-0.0015,-0.09
4.080,-0.0013,-0.07
4.120,-0.0012,-0.07
4.160,-0.0013,-0.07
4.200,-0.0013,-0.07
4.240,-0.0013,-0.07
4.280,-0.0017,-0.10
4.320,-0.0016,-0.09
4.360,-0.0016,-0.09
4.400,-0.0016,-0.09
4.440,-0.0017,-0.10
4.480,-0.0017,-0.10
4.520,-0.0017,-0.10
4.560,-0.0016,-0.09
4.600,-0.0015,-0.08
4.640,-0.0016,-0.09
4.680,-0.0016,-0.09
4.720,-0.0016,-0.09
4.760,-0.0015,-0.09
4.800,-0.0017,-0.10
4.840,-0.0017,-0.10
4.880,-0.0016,-0.09
4.920,-0.0016,-0.09
4.960,-0.0015,-0.08
5.000,-0.0017,-0.10
5.040,-0.0017,-0.10
5.080,-0.0017,-0.10
5.120,-0.0017,-0.10
5.160,-0.0018,-0.10
5.200,-0.0017,-0.10
5.240,-0.0017,-0.09
5.280,-0.0017,-0.10
5.320,-0.0017,-0.09
5.360,-0.0016,-0.09
5.400,-0.0016,-0.09
5.440,-0.0012,-0.07
5.480,-0.0014,-0.08
5.520,-0.0014,-0.08
5.560,-0.0014,-0.08
5.600,-0.0016,-0.09
5.640,-0.0016,-0.09
5.680,-0.0016,-0.09
5.720,-0.0016,-0.09
5.760,-0.0016,-0.09
5.800,-0.0015,-0.09
5.840,-0.0014,-0.08
5.880,-0.0015,-0.08
5.920,-0.0015,-0.08
5.960,-0.0015,-0.08
6.000,-0.0016,-0.09
6.040,-0.0016,-0.09
6.080,-0.0016,-0.09
6.120,-0.0016,-0.09
6.160,-0.0016,-0.09
6.200,-0.0013,-0.07
6.240,-0.0013,-0.07
6.280,-0.0012,-0.07
6.320,-0.0009,-0.05
6.360,-0.0009,-0.05
6.400,-0.0010,-0.06
6.440,-0.0010,-0.06
6.480,-0.0009,-0.05
6.520,-0.0009,-0.05
6.560,-0.0010,-0.06
6.600,-0.0010,-0.06
6.640,-0.0009,-0.05
6.680,-0.0009,-0.05
6.720,-0.0009,-0.05
6.760,-0.0009,-0.05
6.800,-0.0009,-0.05
6.840,-0.0009,-0.05
6.880,-0.0010,-0.06
6.920,-0.0011,-0.06
6.960,-0.0011,-0.06
7.000,-0.0007,-0.04
7.040,-0.0007,-0.04
7.080,-0.0008,-0.04
7.120,-0.0008,-0.04
7.160,-0.0006,-0.03
7.200,-0.0006,-0.04
7.240,-0.0006,-0.04
7.280,-0.0006,-0.04
7.320,-0.0006,-0.04
7.360,-0.0006,-0.04
7.400,-0.0006,-0.04
7.440,-0.0006,-0.04
7.480,-0.0006,-0.04
7.520,-0.0006,-0.04
7.560,-0.0006,-0.04
7.600,-0.0006,-0.04
7.640,-0.0006,-0.04
7.680,-0.0006,-0.04
7.720,-0.0006,-0.04
7.760,-0.0006,-0.04
7.800,-0.0006,-0.04
7.840,-0.0006,-0.04
7.880,-0.0006,-0.04
7.920,-0.0006,-0.04
7.960,-0.0006,-0.04
8.000,0.0000,0.00
8.040,0.0000,0.00
8.080,0.0000,0.00
8.120,0.0000,0.00
8.160,0.0000,0.00
8.200,-0.0000,-0.00
8.240,-0.0002,-0.01
8.280,-0.0001,-0.01
8.320,-0.0001,-0.01
8.360,-0.0001,-0.01
8.400,0.0003,0.02
8.440,0.0003,0.02
8.480,0.0003,0.02
8.520,0.0003,0.02
8.560,0.0002,0.01
8.600,0.0002,0.01
8.640,0.0001,0.01
8.680,0.0002,0.01
8.720,0.0004,0.02
8.760,0.0004,0.02
8.800,0.0003,0.01
8.840,0.0003,0.02
8.880,0.0003,0.02
8.920,0.0003,0.02
8.960,0.0003,0.02
9.000,0.0003,0.02
9.040,0.0004,0.02
9.080,0.0004,0.02
9.120,0.0003,0.02
9.160,0.0006,0.03
9.200,0.0006,0.03
9.240,0.0006,0.03
9.280,0.0006,0.04
9.320,0.0006,0.03
9.360,0.0006,0.03
9.400,0.0006,0.03
9.440,0.0007,0.04
9.480,0.0006,0.03
9.520,0.0005,0.03
9.560,0.0005,0.03
9.600,0.0005,0.03
9.640,0.0004,0.02
9.680,0.0005,0.03
9.720,0.0004,0.02
9.760,0.0005,0.03
9.800,0.0004,0.02
9.840,0.0005,0.03
9.880,0.0006,0.04
9.920,0.0007,0.04
9.960,0.0007,0.04
10.000,0.0006,0.04
10.040,0.0007,0.04
10.080,0.0007,0.04
10.120,0.0007,0.04
10.160,0.0007,0.04
10.200,0.0007,0.04
10.240,0.0008,0.05
10.280,0.0008,0.05
10.320,0.0009,0.05
10.360,0.0009,0.05
10.400,0.0009,0.05
10.440,0.0007,0.04
10.480,0.0005,0.03
10.520,0.0005,0.03
10.560,0.0006,0.03
10.600,0.0005,0.03
10.640,0.0005,0.03
10.680,0.0005,0.03
10.720,0.0004,0.03
10.760,0.0005,0.03
10.800,0.0005,0.03
10.840,0.0005,0.03
10.880,0.0010,0.06
10.920,0.0165,0.95
10.960,0.0178,1.02
11.000,0.0332,1.90
11.040,0.0378,2.16
11.080,0.2634,15.09
11.120,0.4379,25.09
11.160,0.5755,32.97
11.200,0.5878,33.68
11.240,0.6088,34.88
11.280,0.6265,35.89
11.320,0.6324,36.23
11.360,0.6329,36.26
11.400,0.6327,36.25
11.440,0.6326,36.25
11.480,0.6327,36.25
11.520,0.6327,36.25
11.560,0.6328,36.26
11.600,0.6327,36.25
11.640,0.6328,36.26
11.680,0.6329,36.26
11.720,0.6330,36.27
11.760,0.6330,36.27
11.800,0.6330,36.27
11.840,0.6330,36.27
11.880,0.6330,36.27
11.920,0.6330,36.27
11.960,0.6330,36.27
12.000,0.6325,36.24
12.040,0.6325,36.24
12.080,0.6325,36.24
12.120,0.6325,36.24
12.160,0.6325,36.24
12.200,0.6325,36.24
12.240,0.6325,36.24
12.280,0.6325,36.24
12.320,0.6325,36.24
12.360,0.6325,36.24
12.400,0.6325,36.24
12.440,0.6325,36.24
12.480,0.6325,36.24
12.520,0.6325,36.24
12.560,0.6325,36.24
12.600,0.6325,36.24
12.640,0.6325,36.24
12.680,0.6325,36.24
12.720,0.6325,36.24
12.760,0.6325,36.24
12.800,0.6325,36.24
12.840,0.6325,36.24
12.880,0.6325,36.24
12.920,0.6325,36.24
12.960,0.6325,36.24
13.000,0.6331,36.28
13.040,0.6332,36.28
13.080,0.6332,36.28
13.120,0.6332,36.28
13.160,0.6332,36.28
13.200,0.6332,36.28
13.240,0.6331,36.27
13.280,0.6332,36.28
13.320,0.6332,36.28
13.360,0.6332,36.28
13.400,0.6332,36.28
13.440,0.6333,36.28
13.480,0.6333,36.28
13.520,0.6334,36.29
13.560,0.6334,36.29
13.600,0.6338,36.31
13.640,0.6337,36.31
13.680,0.6337,36.31
13.720,0.6336,36.30
13.760,0.6336,36.30
13.800,0.6336,36.30
13.840,0.6336,36.30
13.880,0.6335,36.30
13.920,0.6335,36.30
13.960,0.6335,36.30
14.000,0.6332,36.28
14.040,0.6335,36.30
14.080,0.6335,36.30
14.120,0.6334,36.29
14.160,0.6334,36.29
14.200,0.6334,36.29
14.240,0.6333,36.29
14.280,0.6333,36.28
14.320,0.6333,36.29
14.360,0.6333,36.28
14.400,0.6332,36.28
14.440,0.6332,36.28
14.480,0.6331,36.27
14.520,0.6330,36.27
14.560,0.6330,36.27
14.600,0.6330,36.27
14.640,0.6330,36.27
14.680,0.6329,36.26
14.720,0.6329,36.26
14.760,0.6329,36.26
14.800,0.6328,36.26
14.840,0.6328,36.26
14.880,0.6328,36.26
14.920,0.6327,36.25
14.960,0.6327,36.25
15.000,0.6320,36.21
15.040,0.6318,36.20
15.080,0.6319,36.20
15.120,0.6315,36.18
15.160,0.6316,36.19
15.200,0.6317,36.19
15.240,0.6317,36.19
15.280,0.6317,36.19
15.320,0.6317,36.19
15.360,0.6320,36.21
15.400,0.6319,36.21
15.440,0.6319,36.20
15.480,0.6319,36.20
15.520,0.6318,36.20
15.560,0.6317,36.20
15.600,0.6317,36.19
15.640,0.6317,36.19
15.680,0.6317,36.19
15.720,0.6317,36.19
15.760,0.6317,36.19
15.800,0.6317,36.19
15.840,0.6317,36.19
15.880,0.6317,36.19
15.920,0.6317,36.19
15.960,0.6317,36.19
16.000,0.6328,36.26
16.040,0.6328,36.26
16.080,0.6328,36.26
16.120,0.6328,36.25
16.160,0.6328,36.25
16.200,0.6328,36.25
16.240,0.6328,36.25
16.280,0.6328,36.25
16.320,0.6328,36.26
16.360,0.6328,36.26
16.400,0.6328,36.26
16.440,0.6328,36.26
16.480,0.6328,36.26
16.520,0.6328,36.26
16.560,0.6328,36.26
16.600,0.6328,36.26
16.640,0.6328,36.26
16.680,0.6328,36.26
16.720,0.6328,36.26
16.760,0.6328,36.26
16.800,0.6328,36.26
16.840,0.6328,36.26
16.880,0.6328,36.26
16.920,0.6328,36.26
16.960,0.6328,36.26
17.000,0.6323,36.23
17.040,0.6323,36.23
17.080,0.6322,36.22
17.120,0.6322,36.22
17.160,0.6322,36.22
17.200,0.6323,36.23
17.240,0.6323,36.23
17.280,0.6323,36.23
17.320,0.6323,36.23
17.360,0.6323,36.23
17.400,0.6323,36.23
17.440,0.6323,36.23
17.480,0.6323,36.23
17.520,0.6323,36.23
17.560,0.6323,36.23
17.600,0.6323,36.23
17.640,0.6323,36.23
17.680,0.6323,36.23
17.720,0.6322,36.22
17.760,0.6322,36.22
17.800,0.6322,36.22
17.840,0.6322,36.22
17.880,0.6321,36.22
17.920,0.6321,36.22
17.960,0.6322,36.23
18.000,0.6324,36.24
18.040,0.6324,36.23
18.080,0.6323,36.23
18.120,0.6323,36.23
18.160,0.6323,36.23
18.200,0.6323,36.23
18.240,0.6323,36.23
18.280,0.6323,36.23
18.320,0.6323,36.23
18.360,0.6322,36.22
18.400,0.6320,36.21
18.440,0.6320,36.21
18.480,0.6321,36.22
18.520,0.6321,36.22
18.560,0.6321,36.22
18.600,0.6322,36.22
18.640,0.6322,36.22
18.680,0.6322,36.22
18.720,0.6323,36.23
18.760,0.6322,36.22
18.800,0.6323,36.23
18.840,0.6322,36.22
18.880,0.6322,36.22
18.920,0.6323,36.23
18.960,0.6324,36.23
19.000,0.6322,36.22
19.040,0.6321,36.22
19.080,0.6322,36.22
19.120,0.6322,36.22
19.160,0.6322,36.22
19.200,0.6321,36.22
19.240,0.6321,36.21
19.280,0.6321,36.21
19.320,0.6321,36.21
19.360,0.6321,36.21
19.400,0.6320,36.21
19.440,0.6320,36.21
19.480,0.6321,36.21
19.520,0.6321,36.21
19.560,0.6321,36.21
19.600,0.6322,36.22
19.640,0.6322,36.22
19.680,0.6322,36.22
19.720,0.6322,36.22
19.760,0.6322,36.22
19.800,0.6322,36.22
19.840,0.6322,36.22
19.880,0.6377,36.54
19.920,0.6377,36.54
19.960,0.6377,36.54
20.000,0.6380,36.56
20.040,0.6380,36.55
20.080,0.6380,36.56
20.120,0.6380,36.56
20.160,0.6378,36.54
20.200,0.6378,36.54
20.240,0.6378,36.54
20.280,0.6378,36.54
20.320,0.6378,36.54
20.360,0.6378,36.54
20.400,0.6378,36.54
20.440,0.6415,36.76
20.480,0.6423,36.80
20.520,0.6447,36.94
20.560,0.6789,38.90
20.600,0.7215,41.34
20.640,0.7600,43.55
20.680,0.7816,44.78
20.720,0.8043,46.08
20.760,0.8211,47.04
20.800,0.8352,47.85
20.840,0.8398,48.12
20.880,0.8397,48.11
20.920,0.8399,48.12
20.960,0.8397,48.11
21.000,0.8401,48.14
21.040,0.8401,48.14
21.080,0.8401,48.14
21.120,0.8401,48.14
21.160,0.8401,48.14
21.200,0.8401,48.14
21.240,0.8401,48.14
21.280,0.8401,48.14
21.320,0.8401,48.13
21.360,0.8401,48.13
21.400,0.8401,48.13
21.440,0.8401,48.13
21.480,0.8401,48.13
21.520,0.8401,48.13
21.560,0.8401,48.13
21.600,0.8401,48.13
21.640,0.8401,48.13
21.680,0.8401,48.13
21.720,0.8401,48.13
21.760,0.8401,48.13
21.800,0.8401,48.13
21.840,0.8401,48.13
21.880,0.8401,48.13
21.920,0.8401,48.13
21.960,0.8401,48.13
22.000,0.8393,48.09
22.040,0.8393,48.09
22.080,0.8393,48.09
22.120,0.8393,48.09
22.160,0.8393,48.09
22.200,0.8393,48.09
22.240,0.8393,48.09
22.280,0.8393,48.09
22.320,0.8393,48.09
22.360,0.8393,48.09
22.400,0.8393,48.09
22.440,0.8393,48.09
22.480,0.8393,48.09
22.520,0.8393,48.09
22.560,0.8392,48.08
22.600,0.8392,48.08
22.640,0.8392,48.08
22.680,0.8391,48.08
22.720,0.8391,48.08
22.760,0.8391,48.08
22.800,0.8391,48.08
22.840,0.8391,48.08
22.880,0.8391,48.08
22.920,0.8391,48.08
22.960,0.8392,48.08
23.000,0.8396,48.11
23.040,0.8396,48.11
23.080,0.8396,48.11
23.120,0.8396,48.11
23.160,0.8396,48.11
23.200,0.8396,48.11
23.240,0.8396,48.11
23.280,0.8402,48.14
23.320,0.8406,48.16
23.360,0.8405,48.16
23.400,0.8406,48.16
23.440,0.8406,48.16
23.480,0.8405,48.16
23.520,0.8405,48.16
23.560,0.8405,48.16
23.600,0.8405,48.16
23.640,0.8405,48.16
23.680,0.8405,48.15
23.720,0.8405,48.16
23.760,0.8405,48.16
23.800,0.8405,48.16
23.840,0.8405,48.16
23.880,0.8405,48.16
23.920,0.8405,48.16
23.960,0.8405,48.16
24.000,0.8400,48.13
24.040,0.8400,48.13
24.080,0.8399,48.12
24.120,0.8400,48.13
24.160,0.8400,48.13
24.200,0.8400,48.13
24.240,0.8400,48.13
24.280,0.8400,48.13
24.320,0.8401,48.14
24.360,0.8401,48.14
24.400,0.8401,48.14
24.440,0.8401,48.14
24.480,0.8402,48.14
24.520,0.8400,48.13
24.560,0.8400,48.13
24.600,0.8400,48.13
24.640,0.8400,48.13
24.680,0.8400,48.13
24.720,0.8400,48.13
24.760,0.8400,48.13
24.800,0.8400,48.13
24.840,0.8401,48.13
24.880,0.8401,48.13
24.920,0.8401,48.13
24.960,0.8401,48.13
25.000,0.8406,48.17
25.040,0.8406,48.16
25.080,0.8405,48.16
25.120,0.8405,48.15
25.160,0.8404,48.15
25.200,0.8405,48.16
25.240,0.8408,48.17
25.280,0.8408,48.17
25.320,0.8408,48.17
25.360,0.8408,48.17
25.400,0.8408,48.17
25.440,0.8408,48.17
25.480,0.8408,48.17
25.520,0.8408,48.17
25.560,0.8408,48.17
25.600,0.8408,48.17
25.640,0.8408,48.17
25.680,0.8408,48.17
25.720,0.8405,48.16
25.760,0.8405,48.16
25.800,0.8405,48.16
25.840,0.8405,48.16
25.880,0.8405,48.16
25.920,0.8405,48.16
25.960,0.8404,48.15
26.000,0.8404,48.15
26.040,0.8405,48.16
26.080,0.8405,48.16
26.120,0.8404,48.15
26.160,0.8405,48.16
26.200,0.8405,48.16
26.240,0.8405,48.16
26.280,0.8405,48.16
26.320,0.8405,48.16
26.360,0.8405,48.16
26.400,0.8405,48.16
26.440,0.8405,48.16
26.480,0.8405,48.16
26.520,0.8405,48.16
26.560,0.8405,48.16
26.600,0.8405,48.16
26.640,0.8405,48.16
26.680,0.8405,48.16
26.720,0.8405,48.16
26.760,0.8405,48.16
26.800,0.8405,48.16
26.840,0.8405,48.16
26.880,0.8405,48.16
26.920,0.8405,48.16
26.960,0.8405,48.16
27.000,0.8405,48.16
27.040,0.8405,48.16
27.080,0.8405,48.16
27.120,0.8405,48.16
27.160,0.8405,48.16
27.200,0.8405,48.15
27.240,0.8405,48.15
27.280,0.8405,48.15
27.320,0.8404,48.15
27.360,0.8401,48.14
27.400,0.8401,48.14
27.440,0.8401,48.14
27.480,0.8401,48.14
27.520,0.8401,48.14
27.560,0.8401,48.13
27.600,0.8401,48.13
27.640,0.8401,48.13
27.680,0.8401,48.13
27.720,0.8401,48.13
27.760,0.8401,48.13
27.800,0.8401,48.13
27.840,0.8401,48.13
27.880,0.8402,48.14
27.920,0.8401,48.14
27.960,0.8401,48.14
28.000,0.8411,48.19
